0001101011101101011010000001010
0001111001101011001111111010100
0010010001001101101110001010101
0001101110100110001001000100001
0010001010111000100001011111000
0001110100100011010001010000001
0001011110101110010111000111101
0001110111111001010110001100110
0010101111000001001010110110010
0001011011010010001101101001101
0001110010011110101011100001010
0001110010111011011110000101110
0010000010111001111110111110100
0010111001000101011111110000011
0010000010110010010000010111100
0001111110110110011110110100100
0010011110011001011111010001100
0001111111111100000001111011011
0010000100100000001000111000010
0001101100100010110011000110101
0001110100011010101010000011101
0010001110111111010010010101111
0010110001010111110100101111101
0001101000001100101101100110110
0001100001101010100001100100010
0001111111101110010010001111000
0010010011101110100001011110111
0010001101010101010100010001001
0010100011100100110111101010101
0001010100111000110101011000001
0010000110010110000111110001100
0010000000000001110101011000011
