0001101110111100010111110110100
0001111001110000101110110001100
0010010010001010010100111111010
0001101110000110101000110010011
0010001011110101001011001101011
0001110001100110011011110101011
0001100100001111111111100010100
0001110111110011010111011001100
0010111001000010011110101001100
0001100000001011100011000010100
0001110110110111010001010111110
0001110001101111011100101001010
0010000010001011000110010001101
0011000110101111001100110010100
0010000011000100110111111110001
0010001011001011001000111000100
0010011101100101000010001010111
0010001000101010101010001000100
0010001000001101100110101100000
0001101111111011100010010110111
0001110111010101010111000110101
0010010010100011111111010110011
0010110101100011100110110011110
0001101101011100110100001011011
0001100011111001000011101011011
0001111111110101100111000111000
0010011011110111011000110100001
0010001101101101010011001001100
0010101011110010110111110101000
0001011010001001011111000000110
0010001010011001101001100001001
0001111111001001110010110001011
