0001101011001101101001100111111
0001111110110111011111000101001
0010010101011110111100000100010
0001101100000011010001000010001
0010001110101100111100010001100
0001110100010111010001011010110
0001100011100001110001110010011
0001110100110101001111011000000
0010110101101110111100010010000
0001011001000100010110110100000
0001110110100010111011011110101
0001110000100110010000010001011
0010000010000101110000111010100
0010111110000001000110101110000
0010000110100110111011101001010
0010000111101111001001111111101
0010101000101001101011111100000
0010000011100100101001001011001
0010001010111011010010111001101
0001110010111100101101001111100
0001110100000101001101110000111
0010001111111110100100110110111
0010111110001011101101011100000
0001101011001111010011001010110
0001100100111100010101001000110
0001111011111100111101111111010
0010011010011101101100010001011
0010001110110000001000111110001
0010101101001000111001100111000
0001011000101001111111001111111
0010001101011000000000001000101
0001111101000111110100011010010
