0001101011000000100001100111110
0001111110010111111001100101001
0010010001100011101100101110011
0001110000000100011000100110100
0010010000111110110111001100101
0001111000011100010100001110010
0001100001000100010100000101000
0001110110010110000101011101000
0010110100111000000000111001010
0001011011010000101110000011011
0001110110100000110001101010110
0001110010001101011101010001011
0010000101101001100000001110000
0011000010110001000010001111010
0010000111011000001001110011001
0010000100111001001011110110110
0010100000011111101010011101000
0010001000100010011010011110100
0010001000111010101111011100101
0001101100110010011101010010110
0001111001011111110111010011001
0010010111101101111001001110010
0010110101011111111001010000101
0001101001010000111001110110100
0001100011000001111010010010001
0001111110010000000001000110111
0010011010101101000010100100000
0010001111011001010100110011000
0010101000000101001110000010110
0001011000101000010010110000010
0010001011101011001010111110010
0010000000010110100111000000010
